A=[ 9 0 1 2 ; 5 6 7 8 ; 1 2 3 4 ];
A=A';
B=A(2:4,2:3)
