# Created by Octave 5.1.0, Tue Apr 12 00:16:09 2022 GMT <unknown@DESKTOP-1S158GH>
# name: x
# type: scalar
10


# name: y
# type: scalar
10


