x=[0:0.1:1];
y = [1:1:10]
x
y
z=10;
